0 0.219215 0.223375 0.041949 0.051444
0 0.277740 0.066336 0.025034 0.040614
0 0.145805 0.035650 0.031800 0.046029
0 0.379905 0.295126 0.054804 0.066787
0 0.475304 0.328971 0.041272 0.056859
0 0.358254 0.352888 0.057510 0.061372
1 0.575778 0.412004 0.090663 0.129061
1 0.608593 0.527978 0.079161 0.088448
0 0.280108 0.435018 0.052774 0.057762
0 0.201962 0.493682 0.054804 0.059567
0 0.343031 0.513538 0.083897 0.081227
0 0.332206 0.626354 0.090663 0.097473
0 0.360961 0.581679 0.056157 0.062274
0 0.458051 0.606047 0.059540 0.080325
0 0.512179 0.661552 0.044655 0.066787
0 0.438769 0.754513 0.075101 0.083032
1 0.597091 0.659747 0.145467 0.227437
