1 0.410690 0.617329 0.170501 0.223827
1 0.560555 0.646661 0.145467 0.195848
1 0.239175 0.285650 0.123816 0.143502
1 0.603518 0.448556 0.071719 0.167870
1 0.619080 0.184116 0.121786 0.120939
0 0.181664 0.429152 0.072395 0.064079
0 0.291610 0.365072 0.052774 0.092960
0 0.495602 0.469765 0.061570 0.080325
0 0.547023 0.451264 0.058863 0.090253
0 0.688769 0.470217 0.069012 0.084838
0 0.679973 0.616426 0.090663 0.106498
0 0.292287 0.605144 0.067659 0.087545
0 0.204668 0.640343 0.094046 0.127256
0 0.450609 0.143502 0.075778 0.102888
0 0.327131 0.228339 0.079161 0.113718
